&SOFT_PARAMS
 MU = 0.008     ,
 TMAX = 4,
 CON_WAVE_NUM = 1.5708,
 ADH_WAVE_NUM = 1.5708,
 FREQ = 6.2831853,
 DT = 0.00001,
 OUT_STEPS = 1000,
 LOAD_GAMMA = 2.0,
 BASE_STRETCH_K = 4,
 AMP = 2,
 LAME = 500,
 NETWORK_SLIP = 1000,
 ADHESION_STIFF = 10000.0,
 ADHESION_SLIP = 10000.0,
 BASE_ADH_SLIP = 50.0,
 ADH_OFFSET = 4.712388980384690,
 CONNECT_STIFF = 1000000000,
 CONTAU = 0.0625,
 TRANSLATE = 1,
 /

